train_dataset[0].__dict__
{'_edge_attr_cls': torch_geometric.data.data.DataEdgeAttr,
 '_tensor_attr_cls': torch_geometric.data.data.DataTensorAttr,
 '_store': {'pos': tensor([[-50.0026,  55.0541, -45.7902],
         [-48.7880,  55.7002, -45.9676],
         [-47.6066,  55.0763, -45.6984],
         [-47.5798,  53.7712, -45.1136],
         [-48.8392,  53.1681, -44.8483],
         [-50.0513,  53.7855, -45.2099],
         [-50.9452,  55.5895, -46.0240],
         [-48.7666,  56.6837, -46.5237],
         [-46.6610,  55.5851, -45.7999],
         [-46.6604,  53.2278, -45.0235],
         [-48.9333,  52.1619, -44.3611],
         [-51.0730,  53.3077, -45.0050]]), 'z': tensor([6, 6, 6, 6, 6, 6, 1, 1, 1, 1, 1, 1]), 'energy': tensor([-145434.1250]), 'force': tensor([[-27.6951,   5.1973,   6.1292],
         [-15.4005,  40.6073, -38.9415],
         [ 29.7335, -43.3792,  32.5200],
         [-50.7177,  21.7627, -17.7565],
         [  4.3397, -22.1047,   4.9105],
         [-18.7440,  -5.1981,  10.0132],
         [  4.5182,  -4.1719,  -2.6004],
         [ -1.4830, -12.4570,  16.5707],
         [ 15.8630,   9.6778, -10.3987],
         [ 20.4057,  -9.5238,  11.4806],
         [  9.0463,  10.7580,  -7.3297],
         [ 30.1339,   8.8317,  -4.5975]])}}